#Layer_Color=15132400
#
#Feature symbol names
#
$0 r1

#
#Feature attribute names
#

#
#Layer features
#
A -0.53 -1.475 -0.6 -1.475 -0.565 -1.4735714 0 P 0 N
A -0.6 0 -0.53 0 -0.565 -0.0032143 0 P 0 N
A -0.6 0 -0.7 -0.1 -0.7 0 0 P 0 N
A -0.7 -0.2198032 -0.7 -0.1 -0.6996851 -0.1599016 0 P 0 N
A -0.7 -1.375 -0.6 -1.475 -0.7 -1.475 0 P 0 N
A -0.7 -1.3750001 -0.7 -1.2434253 -0.6957873 -1.3092127 0 P 0 N
A 0.53 -1.4008266 0.530079 -1.4009056 0.530079 -1.4008266 0 P 0 N
A 0.53 0 0.6 0 0.565 0 0 P 0 N
A 0.6 -1.475 0.53 -1.475 0.565 -1.475 0 P 0 N
A 0.6 -1.475 0.7 -1.375 0.7 -1.475 0 P 0 N
A 0.6192127 -1.3221654 0.7 -1.375 0.6985303 -1.2890656 0 P 0 N
A 0.6999999 -0.1 0.6192127 -0.148937 0.7001894 -0.1914648 0 P 0 N
A 0.7 -0.1 0.6 0 0.7 0 0 P 0 N
L -0.03 -0.0732678 -0.03 0.055 0 P 0
L -0.03 -1.6145387 -0.03 -1.4008266 0 P 0
L -0.03 -1.6145387 0.03 -1.6145387 0 P 0
L -0.03 0.055 0.03 0.055 0 P 0
L -0.07 -0.0732678 -0.03 -0.0732678 0 P 0
L -0.07 -0.0732678 -0.07 0.055 0 P 0
L -0.07 -1.4008266 -0.03 -1.4008266 0 P 0
L -0.07 -1.5290944 -0.07 -1.4008266 0 P 0
L -0.13 -0.0694292 -0.13 0.055 0 P 0
L -0.13 -1.5290944 -0.07 -1.5290944 0 P 0
L -0.13 -1.5290944 -0.13 -1.4008266 0 P 0
L -0.13 0.055 -0.07 0.055 0 P 0
L -0.17 -0.0732678 -0.13 -0.0732678 0 P 0
L -0.17 -0.0732678 -0.17 0.055 0 P 0
L -0.17 -1.4008266 -0.13 -1.4008266 0 P 0
L -0.17 -1.5290944 -0.17 -1.4008266 0 P 0
L -0.23 -0.0732678 -0.23 0.055 0 P 0
L -0.23 -1.5290944 -0.17 -1.5290944 0 P 0
L -0.23 -1.5290944 -0.23 -1.4008266 0 P 0
L -0.23 0.055 -0.17 0.055 0 P 0
L -0.27 -0.0732678 -0.23 -0.0732678 0 P 0
L -0.27 -0.0732678 -0.27 0.055 0 P 0
L -0.27 -1.4008266 -0.23 -1.4008266 0 P 0
L -0.27 -1.5290944 -0.27 -1.4008266 0 P 0
L -0.33 -0.0732678 -0.33 0.055 0 P 0
L -0.33 -1.5290944 -0.27 -1.5290944 0 P 0
L -0.33 -1.5290944 -0.33 -1.4008266 0 P 0
L -0.33 0.055 -0.27 0.055 0 P 0
L -0.37 -0.0732678 -0.33 -0.0732678 0 P 0
L -0.37 -0.0732678 -0.37 0.055 0 P 0
L -0.37 -1.4016927 -0.33 -1.4016927 0 P 0
L -0.37 -1.5290944 -0.37 -1.4016927 0 P 0
L -0.43 -0.0732678 -0.43 0.055 0 P 0
L -0.43 -1.5290944 -0.37 -1.5290944 0 P 0
L -0.43 -1.5290944 -0.43 -1.4016927 0 P 0
L -0.43 0.055 -0.37 0.055 0 P 0
L -0.47 -0.0732678 -0.43 -0.0732678 0 P 0
L -0.47 -0.0732678 -0.47 0.055 0 P 0
L -0.47 -1.4016927 -0.43 -1.4016927 0 P 0
L -0.47 -1.5290944 -0.47 -1.4016927 0 P 0
L -0.53 -1.5290944 -0.47 -1.5290944 0 P 0
L -0.53 -1.5290944 -0.53 -1.475 0 P 0
L -0.53 0 -0.53 0.055 0 P 0
L -0.53 0.055 -0.47 0.055 0 P 0
L -0.6209448 -0.613504 -0.6209448 -0.4560237 0 P 0
L -0.6209448 -1.0072048 -0.6209448 -0.8497245 0 P 0
L -0.8 -0.2198032 -0.7 -0.2198032 0 P 0
L -0.8 -0.4560237 -0.6209448 -0.4560237 0 P 0
L -0.8 -0.4560237 -0.8 -0.2198032 0 P 0
L -0.8 -0.613504 -0.6209448 -0.613504 0 P 0
L -0.8 -0.8497245 -0.6209448 -0.8497245 0 P 0
L -0.8 -0.8497245 -0.8 -0.613504 0 P 0
L -0.8 -1.0072048 -0.6209448 -1.0072048 0 P 0
L -0.8 -1.2434253 -0.7 -1.2434253 0 P 0
L -0.8 -1.2434253 -0.8 -1.0072048 0 P 0
L 0.03 -0.0732678 0.03 0.055 0 P 0
L 0.03 -0.0732678 0.07 -0.0732678 0 P 0
L 0.03 -1.4008266 0.07 -1.4008266 0 P 0
L 0.03 -1.6145387 0.03 -1.4008266 0 P 0
L 0.07 -0.0732678 0.07 0.055 0 P 0
L 0.07 -1.5290944 0.07 -1.4008266 0 P 0
L 0.07 -1.5290944 0.13 -1.5290944 0 P 0
L 0.07 0.055 0.13 0.055 0 P 0
L 0.13 -0.0732678 0.13 0.055 0 P 0
L 0.13 -0.0732678 0.17 -0.0732678 0 P 0
L 0.13 -1.4008266 0.17 -1.4008266 0 P 0
L 0.13 -1.5290944 0.13 -1.4046652 0 P 0
L 0.17 -0.0732678 0.17 0.055 0 P 0
L 0.17 -1.5290944 0.17 -1.4008266 0 P 0
L 0.17 -1.5290944 0.23 -1.5290944 0 P 0
L 0.17 0.055 0.23 0.055 0 P 0
L 0.23 -0.0732678 0.23 0.055 0 P 0
L 0.23 -0.0732678 0.27 -0.0732678 0 P 0
L 0.23 -1.4008266 0.27 -1.4008266 0 P 0
L 0.23 -1.5290944 0.23 -1.4008266 0 P 0
L 0.27 -0.0732678 0.27 0.055 0 P 0
L 0.27 -1.5290944 0.27 -1.4008266 0 P 0
L 0.27 -1.5290944 0.33 -1.5290944 0 P 0
L 0.27 0.055 0.33 0.055 0 P 0
L 0.33 -0.0724017 0.37 -0.0724017 0 P 0
L 0.33 -0.0732678 0.33 0.055 0 P 0
L 0.33 -1.4008266 0.37 -1.4008266 0 P 0
L 0.33 -1.5290944 0.33 -1.4008266 0 P 0
L 0.37 -0.0724017 0.37 0.055 0 P 0
L 0.37 -1.5290944 0.37 -1.4008266 0 P 0
L 0.37 -1.5290944 0.43 -1.5290944 0 P 0
L 0.37 0.055 0.43 0.055 0 P 0
L 0.43 -0.0724017 0.43 0.055 0 P 0
L 0.43 -0.0724017 0.47 -0.0724017 0 P 0
L 0.43 -1.4008266 0.47 -1.4008266 0 P 0
L 0.43 -1.5290944 0.43 -1.4008266 0 P 0
L 0.47 -0.0724017 0.47 0.055 0 P 0
L 0.47 -1.5290944 0.47 -1.4008266 0 P 0
L 0.47 -1.5290944 0.53 -1.5290944 0 P 0
L 0.47 0.055 0.53 0.055 0 P 0
L 0.53 -1.5290944 0.53 -1.475 0 P 0
L 0.53 0 0.53 0.055 0 P 0
L 0.6192127 -0.655 0.6192127 -0.148937 0 P 0
L 0.6192127 -0.655 0.8 -0.655 0 P 0
L 0.6192127 -0.815 0.8 -0.815 0 P 0
L 0.6192127 -1.3221654 0.6192127 -0.815 0 P 0
L 0.8 -0.815 0.8 -0.655 0 P 0
