#Layer_Color=16720538
#
#Feature symbol names
#
$0 r0.1

#
#Feature attribute names
#

#
#Layer features
#
A -0.03 0.060015 -0.035015 0.055 -0.03 0.055 0 P 0 N
A 0.03 -1.5341094 0.035015 -1.5290944 0.03 -1.5290944 0 P 0 N
A 0.035015 0.055 0.03 0.060015 0.03 0.055 0 P 0 N
A -0.035015 -1.5290944 -0.03 -1.5341094 -0.03 -1.5290944 0 P 0 N
A -0.064985 0.055 -0.07 0.060015 -0.07 0.055 0 P 0 N
A 0.064985 -1.5290944 0.07 -1.5341094 0.07 -1.5290944 0 P 0 N
A 0.07 0.060015 0.064985 0.055 0.07 0.055 0 P 0 N
A -0.07 -1.5341094 -0.064985 -1.5290944 -0.07 -1.5290944 0 P 0 N
A -0.13 0.060015 -0.135015 0.055 -0.13 0.055 0 P 0 N
A 0.13 -1.5341094 0.135015 -1.5290944 0.13 -1.5290944 0 P 0 N
A 0.135015 0.055 0.13 0.060015 0.13 0.055 0 P 0 N
A -0.135015 -1.5290944 -0.13 -1.5341094 -0.13 -1.5290944 0 P 0 N
A -0.164985 0.055 -0.17 0.060015 -0.17 0.055 0 P 0 N
A 0.164985 -1.5290944 0.17 -1.5341094 0.17 -1.5290944 0 P 0 N
A 0.17 0.060015 0.164985 0.055 0.17 0.055 0 P 0 N
A -0.17 -1.5341094 -0.164985 -1.5290944 -0.17 -1.5290944 0 P 0 N
A -0.23 0.060015 -0.235015 0.055 -0.23 0.055 0 P 0 N
A 0.23 -1.5341094 0.235015 -1.5290944 0.23 -1.5290944 0 P 0 N
A 0.235015 0.055 0.23 0.060015 0.23 0.055 0 P 0 N
A -0.235015 -1.5290944 -0.23 -1.5341094 -0.23 -1.5290944 0 P 0 N
A -0.264985 0.055 -0.27 0.060015 -0.27 0.055 0 P 0 N
A 0.264985 -1.5290944 0.27 -1.5341094 0.27 -1.5290944 0 P 0 N
A 0.27 0.060015 0.264985 0.055 0.27 0.055 0 P 0 N
A -0.27 -1.5341094 -0.264985 -1.5290944 -0.27 -1.5290944 0 P 0 N
A -0.33 0.060015 -0.335015 0.055 -0.33 0.055 0 P 0 N
A 0.33 -1.5341094 0.335015 -1.5290944 0.33 -1.5290944 0 P 0 N
A 0.335015 0.055 0.33 0.060015 0.33 0.055 0 P 0 N
A -0.335015 -1.5290944 -0.33 -1.5341094 -0.33 -1.5290944 0 P 0 N
A -0.364985 0.055 -0.37 0.060015 -0.37 0.055 0 P 0 N
A 0.364985 -1.5290944 0.37 -1.5341094 0.37 -1.5290944 0 P 0 N
A 0.37 0.060015 0.364985 0.055 0.37 0.055 0 P 0 N
A -0.37 -1.5341094 -0.364985 -1.5290944 -0.37 -1.5290944 0 P 0 N
A -0.43 0.060015 -0.435015 0.055 -0.43 0.055 0 P 0 N
A 0.43 -1.5341094 0.435015 -1.5290944 0.43 -1.5290944 0 P 0 N
A 0.435015 0.055 0.43 0.060015 0.43 0.055 0 P 0 N
A -0.435015 -1.5290944 -0.43 -1.5341094 -0.43 -1.5290944 0 P 0 N
A -0.464985 0.055 -0.47 0.060015 -0.47 0.055 0 P 0 N
A 0.464985 -1.5290944 0.47 -1.5341094 0.47 -1.5290944 0 P 0 N
A 0.47 0.060015 0.464985 0.055 0.47 0.055 0 P 0 N
A -0.47 -1.5341094 -0.464985 -1.5290944 -0.47 -1.5290944 0 P 0 N
A -0.53 0.060015 -0.535015 0.055 -0.53 0.055 0 P 0 N
A 0.53 -1.5341094 0.535015 -1.5290944 0.53 -1.5290944 0 P 0 N
A -0.5348677 -0.0032143 -0.5349913 -0.0004878 -0.565 -0.0032143 0 P 0 N
A -0.5349859 -1.4735714 -0.5949891 -1.4747954 -0.565 -1.4735714 0 P 0 N
A -0.5350108 -1.4747955 -0.535015 -1.475 -0.53 -1.475 0 P 0 N
A -0.5350109 -1.4747954 -0.5349859 -1.4735714 -0.565 -1.4735714 0 P 0 N
A -0.535015 0 -0.5349912 -0.0004878 -0.53 0 0 P 0 N
A 0.535015 0 0.594985 0 0.565 0 0 P 0 N
A 0.535015 0.055 0.53 0.060015 0.53 0.055 0 P 0 N
A -0.535015 -1.5290944 -0.53 -1.5341094 -0.53 -1.5290944 0 P 0 N
A -0.594985 0 -0.7 -0.105015 -0.7 0 0 P 0 N
A 0.594985 -1.475 0.535015 -1.475 0.565 -1.475 0 P 0 N
A -0.594985 -1.475 -0.5949892 -1.4747955 -0.6 -1.475 0 P 0 N
A 0.594985 -1.475 0.805015 -1.475 0.7 -1.475 0 P 0 N
A -0.595006 -0.0004586 -0.5950087 -0.0004878 -0.565 -0.0032143 0 P 0 N
A -0.5950087 -0.0004878 -0.5348677 -0.0032143 -0.565 -0.0032143 0 P 0 N
A -0.5950088 -0.0004878 -0.594985 0 -0.6 0 0 P 0 N
A 0.6242277 -1.3211454 0.6998835 -1.3699863 0.6985303 -1.2890656 0 P 0 N
A -0.6348802 -1.3092127 -0.6996795 -1.2484301 -0.6957873 -1.3092127 0 P 0 N
A -0.6447977 -0.1599016 -0.6999736 -0.105015 -0.6996851 -0.1599016 0 P 0 N
A -0.6996491 -1.3699972 -0.6348802 -1.3092127 -0.6957873 -1.3092127 0 P 0 N
A -0.6996491 -1.3699973 -0.7 -1.369985 -0.7 -1.375 0 P 0 N
A -0.6996795 -1.3699953 -0.6996491 -1.3699972 -0.6957873 -1.3092127 0 P 0 N
A 0.6998835 -1.3699863 0.6999142 -1.3699858 0.6985303 -1.2890656 0 P 0 N
A -0.6999736 -0.2147882 -0.6447977 -0.1599016 -0.6996851 -0.1599016 0 P 0 N
A -0.6999736 -0.2147883 -0.7 -0.2147882 -0.7 -0.2198032 0 P 0 N
A 0.6999796 -0.1050151 0.6242277 -0.1501923 0.7001894 -0.1914648 0 P 0 N
A -0.7 -0.105015 -0.6999736 -0.1050149 -0.7 -0.1 0 P 0 N
A 0.7 -0.105015 0.805015 0 0.7 0 0 P 0 N
A -0.7 -1.2484403 -0.6996795 -1.24843 -0.7 -1.2434253 0 P 0 N
A -0.7 -1.369985 -0.594985 -1.475 -0.7 -1.475 0 P 0 N
A 0.7 -1.369985 0.6998835 -1.3699864 0.7 -1.375 0 P 0 N
A 0.7000102 -0.105015 0.6999796 -0.1050151 0.7001894 -0.1914648 0 P 0 N
A -0.8 -0.2147882 -0.805015 -0.2198032 -0.8 -0.2198032 0 P 0 N
A -0.8 -0.608489 -0.805015 -0.613504 -0.8 -0.613504 0 P 0 N
A 0.8 -0.820015 0.805015 -0.815 0.8 -0.815 0 P 0 N
A -0.8 -1.0021898 -0.805015 -1.0072048 -0.8 -1.0072048 0 P 0 N
A 0.805015 0 0.594985 0 0.7 0 0 P 0 N
A -0.805015 -0.4560237 -0.8 -0.4610387 -0.8 -0.4560237 0 P 0 N
A 0.805015 -0.655 0.8 -0.649985 0.8 -0.655 0 P 0 N
A -0.805015 -0.8497245 -0.8 -0.8547395 -0.8 -0.8497245 0 P 0 N
A -0.805015 -1.2434253 -0.8 -1.2484403 -0.8 -1.2434253 0 P 0 N
A 0.805015 -1.475 0.7 -1.369985 0.7 -1.475 0 P 0 N
L -0.03 0.060015 0.03 0.060015 0 P 0
L -0.03 -1.5341094 0.03 -1.5341094 0 P 0
L -0.035015 -0.0682528 -0.035015 0.055 0 P 0
L 0.035015 -0.0682528 0.035015 0.055 0 P 0
L 0.035015 -0.0682528 0.064985 -0.0682528 0 P 0
L 0.035015 -1.4058416 0.064985 -1.4058416 0 P 0
L -0.035015 -1.5290944 -0.035015 -1.4058416 0 P 0
L 0.035015 -1.5290944 0.035015 -1.4058416 0 P 0
L -0.064985 -0.0682528 -0.035015 -0.0682528 0 P 0
L -0.064985 -0.0682528 -0.064985 0.055 0 P 0
L 0.064985 -0.0682528 0.064985 0.055 0 P 0
L -0.064985 -1.4058416 -0.035015 -1.4058416 0 P 0
L -0.064985 -1.5290944 -0.064985 -1.4058416 0 P 0
L 0.064985 -1.5290944 0.064985 -1.4058416 0 P 0
L 0.07 0.060015 0.13 0.060015 0 P 0
L 0.07 -1.5341094 0.13 -1.5341094 0 P 0
L -0.13 0.060015 -0.07 0.060015 0 P 0
L -0.13 -1.5341094 -0.07 -1.5341094 0 P 0
L 0.135015 -0.0682528 0.135015 0.055 0 P 0
L -0.135015 -0.0682528 -0.135015 0.055 0 P 0
L 0.135015 -0.0682528 0.164985 -0.0682528 0 P 0
L 0.135015 -1.4058416 0.164985 -1.4058416 0 P 0
L 0.135015 -1.5290944 0.135015 -1.4058416 0 P 0
L -0.135015 -1.5290944 -0.135015 -1.4058416 0 P 0
L -0.164985 -0.0682528 -0.135015 -0.0682528 0 P 0
L 0.164985 -0.0682528 0.164985 0.055 0 P 0
L -0.164985 -0.0682528 -0.164985 0.055 0 P 0
L -0.164985 -1.4058416 -0.135015 -1.4058416 0 P 0
L 0.164985 -1.5290944 0.164985 -1.4058416 0 P 0
L -0.164985 -1.5290944 -0.164985 -1.4058416 0 P 0
L 0.17 0.060015 0.23 0.060015 0 P 0
L 0.17 -1.5341094 0.23 -1.5341094 0 P 0
L -0.23 0.060015 -0.17 0.060015 0 P 0
L -0.23 -1.5341094 -0.17 -1.5341094 0 P 0
L 0.235015 -0.0682528 0.235015 0.055 0 P 0
L -0.235015 -0.0682528 -0.235015 0.055 0 P 0
L 0.235015 -0.0682528 0.264985 -0.0682528 0 P 0
L 0.235015 -1.4058416 0.264985 -1.4058416 0 P 0
L -0.235015 -1.5290944 -0.235015 -1.4058416 0 P 0
L 0.235015 -1.5290944 0.235015 -1.4058416 0 P 0
L -0.264985 -0.0682528 -0.235015 -0.0682528 0 P 0
L 0.264985 -0.0682528 0.264985 0.055 0 P 0
L -0.264985 -0.0682528 -0.264985 0.055 0 P 0
L -0.264985 -1.4058416 -0.235015 -1.4058416 0 P 0
L -0.264985 -1.5290944 -0.264985 -1.4058416 0 P 0
L 0.264985 -1.5290944 0.264985 -1.4058416 0 P 0
L 0.27 0.060015 0.33 0.060015 0 P 0
L 0.27 -1.5341094 0.33 -1.5341094 0 P 0
L -0.33 0.060015 -0.27 0.060015 0 P 0
L -0.33 -1.5341094 -0.27 -1.5341094 0 P 0
L 0.335015 -0.0673867 0.335015 0.055 0 P 0
L 0.335015 -0.0673867 0.364985 -0.0673867 0 P 0
L -0.335015 -0.0682528 -0.335015 0.055 0 P 0
L 0.335015 -1.4058416 0.364985 -1.4058416 0 P 0
L 0.335015 -1.5290944 0.335015 -1.4058416 0 P 0
L -0.335015 -1.5290944 -0.335015 -1.4067077 0 P 0
L 0.364985 -0.0673867 0.364985 0.055 0 P 0
L -0.364985 -0.0682528 -0.335015 -0.0682528 0 P 0
L -0.364985 -0.0682528 -0.364985 0.055 0 P 0
L -0.364985 -1.4067077 -0.335015 -1.4067077 0 P 0
L 0.364985 -1.5290944 0.364985 -1.4058416 0 P 0
L -0.364985 -1.5290944 -0.364985 -1.4067077 0 P 0
L 0.37 0.060015 0.43 0.060015 0 P 0
L 0.37 -1.5341094 0.43 -1.5341094 0 P 0
L -0.43 0.060015 -0.37 0.060015 0 P 0
L -0.43 -1.5341094 -0.37 -1.5341094 0 P 0
L 0.435015 -0.0673867 0.435015 0.055 0 P 0
L 0.435015 -0.0673867 0.464985 -0.0673867 0 P 0
L -0.435015 -0.0682528 -0.435015 0.055 0 P 0
L 0.435015 -1.4058416 0.464985 -1.4058416 0 P 0
L 0.435015 -1.5290944 0.435015 -1.4058416 0 P 0
L -0.435015 -1.5290944 -0.435015 -1.4067077 0 P 0
L 0.464985 -0.0673867 0.464985 0.055 0 P 0
L -0.464985 -0.0682528 -0.435015 -0.0682528 0 P 0
L -0.464985 -0.0682528 -0.464985 0.055 0 P 0
L -0.464985 -1.4067077 -0.435015 -1.4067077 0 P 0
L 0.464985 -1.5290944 0.464985 -1.4058416 0 P 0
L -0.464985 -1.5290944 -0.464985 -1.4067077 0 P 0
L 0.47 0.060015 0.53 0.060015 0 P 0
L 0.47 -1.5341094 0.53 -1.5341094 0 P 0
L -0.53 0.060015 -0.47 0.060015 0 P 0
L -0.53 -1.5341094 -0.47 -1.5341094 0 P 0
L -0.5349913 -0.0004878 -0.5349912 -0.0004878 0 P 0
L -0.5350109 -1.4747954 -0.5350108 -1.4747955 0 P 0
L 0.535015 0 0.535015 0.055 0 P 0
L -0.535015 0 -0.535015 0.055 0 P 0
L 0.535015 -1.5290944 0.535015 -1.475 0 P 0
L -0.535015 -1.5290944 -0.535015 -1.475 0 P 0
L -0.5949892 -1.4747955 -0.5949891 -1.4747954 0 P 0
L -0.5950088 -0.0004878 -0.595006 -0.0004586 0 P 0
L 0.6242277 -0.649985 0.6242277 -0.1501923 0 P 0
L 0.6242277 -0.649985 0.8 -0.649985 0 P 0
L 0.6242277 -0.820015 0.8 -0.820015 0 P 0
L 0.6242277 -1.3211454 0.6242277 -0.820015 0 P 0
L -0.6259598 -0.608489 -0.6259598 -0.4610387 0 P 0
L -0.6259598 -1.0021898 -0.6259598 -0.8547395 0 P 0
L -0.6996795 -1.2484301 -0.6996795 -1.24843 0 P 0
L -0.6996795 -1.3699953 -0.6996491 -1.3699973 0 P 0
L 0.6998835 -1.3699863 0.6999142 -1.3699858 0 P 0
L 0.6998835 -1.3699864 0.6998835 -1.3699863 0 P 0
L -0.6999736 -0.105015 -0.6999736 -0.1050149 0 P 0
L -0.6999736 -0.2147883 -0.6999736 -0.2147882 0 P 0
L 0.7 -0.105015 0.7000102 -0.105015 0 P 0
L -0.8 -0.2147882 -0.7 -0.2147882 0 P 0
L -0.8 -0.4610387 -0.6259598 -0.4610387 0 P 0
L -0.8 -0.608489 -0.6259598 -0.608489 0 P 0
L -0.8 -0.8547395 -0.6259598 -0.8547395 0 P 0
L -0.8 -1.0021898 -0.6259598 -1.0021898 0 P 0
L -0.8 -1.2484403 -0.7 -1.2484403 0 P 0
L -0.805015 -0.4560237 -0.805015 -0.2198032 0 P 0
L 0.805015 -0.815 0.805015 -0.655 0 P 0
L -0.805015 -0.8497245 -0.805015 -0.613504 0 P 0
L -0.805015 -1.2434253 -0.805015 -1.0072048 0 P 0
