#Layer_Color=16720538
#
#Feature symbol names
#
$0 r1
$1 r0.1

#
#Feature attribute names
#

#
#Layer features
#
A -0.1 0.4748102 -0.105015 0.4697952 -0.1 0.4697952 1 P 0 N
A -0.1 0.4748102 -0.105015 0.4697952 -0.1 0.4697952 0 P 0 N
A -0.1 0.868511 -0.105015 0.863496 -0.1 0.863496 0 P 0 N
A -0.1 0.868511 -0.105015 0.863496 -0.1 0.863496 1 P 0 N
A -0.1 1.2622118 -0.105015 1.2571968 -0.1 1.2571968 1 P 0 N
A -0.1 1.2622118 -0.105015 1.2571968 -0.1 1.2571968 0 P 0 N
A -0.105015 0.2335747 -0.1 0.2285597 -0.1 0.2335747 1 P 0 N
A -0.105015 0.2335747 -0.1 0.2285597 -0.1 0.2335747 0 P 0 N
A -0.105015 0.6272755 -0.1 0.6222605 -0.1 0.6272755 1 P 0 N
A -0.105015 0.6272755 -0.1 0.6222605 -0.1 0.6272755 0 P 0 N
A -0.105015 1.0209763 -0.1 1.0159613 -0.1 1.0209763 1 P 0 N
A -0.105015 1.0209763 -0.1 1.0159613 -0.1 1.0209763 0 P 0 N
A 0 0.107015 0.105015 0.002 0 0.002 0 P 0 N
A 0 0.107015 0.105015 0.002 0 0.002 1 P 0 N
A 0 0.2285597 0.0003205 0.22857 0 0.2335747 0 P 0 N
A 0 0.2285597 0.0003205 0.22857 0 0.2335747 1 P 0 N
A 0 1.371985 0.0000264 1.3719851 0 1.377 1 P 0 N
A 0 1.371985 0.0000264 1.3719851 0 1.377 0 P 0 N
A 0.0000264 1.2622117 0 1.2622118 0 1.2571968 0 P 0 N
A 0.0000264 1.2622117 0 1.2622118 0 1.2571968 1 P 0 N
A 0.0000264 1.2622118 0.0552023 1.3170984 0.0003149 1.3170984 0 P 0 N
A 0.0000264 1.2622118 0.0552023 1.3170984 0.0003149 1.3170984 1 P 0 N
A 0.0003205 0.1070047 0.0003509 0.1070028 0.0042127 0.1677873 0 P 0 N
A 0.0003205 0.1070047 0.0003509 0.1070028 0.0042127 0.1677873 1 P 0 N
A 0.0003509 0.1070027 0 0.107015 0 0.102 0 P 0 N
A 0.0003509 0.1070027 0 0.107015 0 0.102 1 P 0 N
A 0.0003509 0.1070028 0.0651198 0.1677873 0.0042127 0.1677873 1 P 0 N
A 0.0003509 0.1070028 0.0651198 0.1677873 0.0042127 0.1677873 0 P 0 N
A 0.0552023 1.3170984 0.0000264 1.371985 0.0003149 1.3170984 0 P 0 N
A 0.0552023 1.3170984 0.0000264 1.371985 0.0003149 1.3170984 1 P 0 N
A 0.0651198 0.1677873 0.0003205 0.2285699 0.0042127 0.1677873 0 P 0 N
A 0.0651198 0.1677873 0.0003205 0.2285699 0.0042127 0.1677873 1 P 0 N
A 0.1049912 1.4765122 0.105015 1.477 0.1 1.477 1 P 0 N
A 0.1049912 1.4765122 0.105015 1.477 0.1 1.477 0 P 0 N
A 0.1049913 1.4765122 0.1651323 1.4737857 0.135 1.4737857 1 P 0 N
A 0.1049913 1.4765122 0.1651323 1.4737857 0.135 1.4737857 0 P 0 N
A 0.104994 1.4765414 0.1049913 1.4765122 0.135 1.4737857 1 P 0 N
A 0.104994 1.4765414 0.1049913 1.4765122 0.135 1.4737857 0 P 0 N
A 0.105015 0.002 0.1050108 0.0022045 0.1 0.002 0 P 0 N
A 0.105015 0.002 0.1050108 0.0022045 0.1 0.002 1 P 0 N
A 0.105015 1.477 0 1.371985 0 1.477 1 P 0 N
A 0.105015 1.477 0 1.371985 0 1.477 0 P 0 N
A 0.164985 -0.0520944 0.17 -0.0571094 0.17 -0.0520944 1 P 0 N
A 0.164985 -0.0520944 0.17 -0.0571094 0.17 -0.0520944 0 P 0 N
A 0.164985 1.477 0.1650088 1.4765122 0.17 1.477 0 P 0 N
A 0.164985 1.477 0.1650088 1.4765122 0.17 1.477 1 P 0 N
A 0.1649891 0.0022046 0.1650141 0.0034286 0.135 0.0034286 0 P 0 N
A 0.1649891 0.0022046 0.1650141 0.0034286 0.135 0.0034286 1 P 0 N
A 0.1649892 0.0022045 0.164985 0.002 0.17 0.002 0 P 0 N
A 0.1649892 0.0022045 0.164985 0.002 0.17 0.002 1 P 0 N
A 0.1650141 0.0034286 0.1050109 0.0022046 0.135 0.0034286 0 P 0 N
A 0.1650141 0.0034286 0.1050109 0.0022046 0.135 0.0034286 1 P 0 N
A 0.1651323 1.4737857 0.1650087 1.4765122 0.135 1.4737857 0 P 0 N
A 0.1651323 1.4737857 0.1650087 1.4765122 0.135 1.4737857 1 P 0 N
A 0.17 1.537015 0.164985 1.532 0.17 1.532 1 P 0 N
A 0.17 1.537015 0.164985 1.532 0.17 1.532 0 P 0 N
A 0.23 -0.0571094 0.235015 -0.0520944 0.23 -0.0520944 0 P 0 N
A 0.23 -0.0571094 0.235015 -0.0520944 0.23 -0.0520944 1 P 0 N
A 0.235015 1.532 0.23 1.537015 0.23 1.532 1 P 0 N
A 0.235015 1.532 0.23 1.537015 0.23 1.532 0 P 0 N
A 0.264985 -0.0520944 0.27 -0.0571094 0.27 -0.0520944 0 P 0 N
A 0.264985 -0.0520944 0.27 -0.0571094 0.27 -0.0520944 1 P 0 N
A 0.27 1.537015 0.264985 1.532 0.27 1.532 0 P 0 N
A 0.27 1.537015 0.264985 1.532 0.27 1.532 1 P 0 N
A 0.33 -0.0571094 0.335015 -0.0520944 0.33 -0.0520944 1 P 0 N
A 0.33 -0.0571094 0.335015 -0.0520944 0.33 -0.0520944 0 P 0 N
A 0.335015 1.532 0.33 1.537015 0.33 1.532 0 P 0 N
A 0.335015 1.532 0.33 1.537015 0.33 1.532 1 P 0 N
A 0.364985 -0.0520944 0.37 -0.0571094 0.37 -0.0520944 0 P 0 N
A 0.364985 -0.0520944 0.37 -0.0571094 0.37 -0.0520944 1 P 0 N
A 0.37 1.537015 0.364985 1.532 0.37 1.532 1 P 0 N
A 0.37 1.537015 0.364985 1.532 0.37 1.532 0 P 0 N
A 0.43 -0.0571094 0.435015 -0.0520944 0.43 -0.0520944 0 P 0 N
A 0.43 -0.0571094 0.435015 -0.0520944 0.43 -0.0520944 1 P 0 N
A 0.435015 1.532 0.43 1.537015 0.43 1.532 0 P 0 N
A 0.435015 1.532 0.43 1.537015 0.43 1.532 1 P 0 N
A 0.464985 -0.0520944 0.47 -0.0571094 0.47 -0.0520944 0 P 0 N
A 0.464985 -0.0520944 0.47 -0.0571094 0.47 -0.0520944 1 P 0 N
A 0.47 1.537015 0.464985 1.532 0.47 1.532 0 P 0 N
A 0.47 1.537015 0.464985 1.532 0.47 1.532 1 P 0 N
A 0.53 -0.0571094 0.535015 -0.0520944 0.53 -0.0520944 0 P 0 N
A 0.53 -0.0571094 0.535015 -0.0520944 0.53 -0.0520944 1 P 0 N
A 0.535015 1.532 0.53 1.537015 0.53 1.532 0 P 0 N
A 0.535015 1.532 0.53 1.537015 0.53 1.532 1 P 0 N
A 0.564985 -0.0520944 0.57 -0.0571094 0.57 -0.0520944 0 P 0 N
A 0.564985 -0.0520944 0.57 -0.0571094 0.57 -0.0520944 1 P 0 N
A 0.57 1.537015 0.564985 1.532 0.57 1.532 1 P 0 N
A 0.57 1.537015 0.564985 1.532 0.57 1.532 0 P 0 N
A 0.63 -0.0571094 0.635015 -0.0520944 0.63 -0.0520944 0 P 0 N
A 0.63 -0.0571094 0.635015 -0.0520944 0.63 -0.0520944 1 P 0 N
A 0.635015 1.532 0.63 1.537015 0.63 1.532 1 P 0 N
A 0.635015 1.532 0.63 1.537015 0.63 1.532 0 P 0 N
A 0.664985 -0.0520944 0.67 -0.0571094 0.67 -0.0520944 1 P 0 N
A 0.664985 -0.0520944 0.67 -0.0571094 0.67 -0.0520944 0 P 0 N
A 0.67 1.537015 0.664985 1.532 0.67 1.532 1 P 0 N
A 0.67 1.537015 0.664985 1.532 0.67 1.532 0 P 0 N
A 0.73 -0.0571094 0.735015 -0.0520944 0.73 -0.0520944 0 P 0 N
A 0.73 -0.0571094 0.735015 -0.0520944 0.73 -0.0520944 1 P 0 N
A 0.735015 1.532 0.73 1.537015 0.73 1.532 0 P 0 N
A 0.735015 1.532 0.73 1.537015 0.73 1.532 1 P 0 N
A 0.764985 -0.0520944 0.77 -0.0571094 0.77 -0.0520944 1 P 0 N
A 0.764985 -0.0520944 0.77 -0.0571094 0.77 -0.0520944 0 P 0 N
A 0.77 1.537015 0.764985 1.532 0.77 1.532 0 P 0 N
A 0.77 1.537015 0.764985 1.532 0.77 1.532 1 P 0 N
A 0.83 -0.0571094 0.835015 -0.0520944 0.83 -0.0520944 1 P 0 N
A 0.83 -0.0571094 0.835015 -0.0520944 0.83 -0.0520944 0 P 0 N
A 0.835015 1.532 0.83 1.537015 0.83 1.532 0 P 0 N
A 0.835015 1.532 0.83 1.537015 0.83 1.532 1 P 0 N
A 0.864985 -0.0520944 0.87 -0.0571094 0.87 -0.0520944 0 P 0 N
A 0.864985 -0.0520944 0.87 -0.0571094 0.87 -0.0520944 1 P 0 N
A 0.87 1.537015 0.864985 1.532 0.87 1.532 0 P 0 N
A 0.87 1.537015 0.864985 1.532 0.87 1.532 1 P 0 N
A 0.93 -0.0571094 0.935015 -0.0520944 0.93 -0.0520944 0 P 0 N
A 0.93 -0.0571094 0.935015 -0.0520944 0.93 -0.0520944 1 P 0 N
A 0.935015 1.532 0.93 1.537015 0.93 1.532 1 P 0 N
A 0.935015 1.532 0.93 1.537015 0.93 1.532 0 P 0 N
A 0.964985 -0.0520944 0.97 -0.0571094 0.97 -0.0520944 1 P 0 N
A 0.964985 -0.0520944 0.97 -0.0571094 0.97 -0.0520944 0 P 0 N
A 0.97 1.537015 0.964985 1.532 0.97 1.532 1 P 0 N
A 0.97 1.537015 0.964985 1.532 0.97 1.532 0 P 0 N
A 1.03 -0.0571094 1.035015 -0.0520944 1.03 -0.0520944 0 P 0 N
A 1.03 -0.0571094 1.035015 -0.0520944 1.03 -0.0520944 1 P 0 N
A 1.035015 1.532 1.03 1.537015 1.03 1.532 1 P 0 N
A 1.035015 1.532 1.03 1.537015 1.03 1.532 0 P 0 N
A 1.064985 -0.0520944 1.07 -0.0571094 1.07 -0.0520944 0 P 0 N
A 1.064985 -0.0520944 1.07 -0.0571094 1.07 -0.0520944 1 P 0 N
A 1.07 1.537015 1.064985 1.532 1.07 1.532 0 P 0 N
A 1.07 1.537015 1.064985 1.532 1.07 1.532 1 P 0 N
A 1.13 -0.0571094 1.135015 -0.0520944 1.13 -0.0520944 1 P 0 N
A 1.13 -0.0571094 1.135015 -0.0520944 1.13 -0.0520944 0 P 0 N
A 1.135015 1.532 1.13 1.537015 1.13 1.532 0 P 0 N
A 1.135015 1.532 1.13 1.537015 1.13 1.532 1 P 0 N
A 1.164985 -0.0520944 1.17 -0.0571094 1.17 -0.0520944 0 P 0 N
A 1.164985 -0.0520944 1.17 -0.0571094 1.17 -0.0520944 1 P 0 N
A 1.17 1.537015 1.164985 1.532 1.17 1.532 1 P 0 N
A 1.17 1.537015 1.164985 1.532 1.17 1.532 0 P 0 N
A 1.23 -0.0571094 1.235015 -0.0520944 1.23 -0.0520944 1 P 0 N
A 1.23 -0.0571094 1.235015 -0.0520944 1.23 -0.0520944 0 P 0 N
A 1.235015 1.477 1.294985 1.477 1.265 1.477 1 P 0 N
A 1.235015 1.477 1.294985 1.477 1.265 1.477 0 P 0 N
A 1.235015 1.532 1.23 1.537015 1.23 1.532 1 P 0 N
A 1.235015 1.532 1.23 1.537015 1.23 1.532 0 P 0 N
A 1.294985 0.002 1.235015 0.002 1.265 0.002 0 P 0 N
A 1.294985 0.002 1.235015 0.002 1.265 0.002 1 P 0 N
A 1.294985 0.002 1.505015 0.002 1.4 0.002 1 P 0 N
A 1.294985 0.002 1.505015 0.002 1.4 0.002 0 P 0 N
A 1.3242277 0.1558546 1.3998835 0.1070137 1.3985303 0.1879344 0 P 0 N
A 1.3242277 0.1558546 1.3998835 0.1070137 1.3985303 0.1879344 1 P 0 N
A 1.3998835 0.1070137 1.3999142 0.1070142 1.3985303 0.1879344 1 P 0 N
A 1.3998835 0.1070137 1.3999142 0.1070142 1.3985303 0.1879344 0 P 0 N
A 1.3999796 1.3719849 1.3242277 1.3268077 1.4001894 1.2855352 0 P 0 N
A 1.3999796 1.3719849 1.3242277 1.3268077 1.4001894 1.2855352 1 P 0 N
A 1.4 0.107015 1.3998835 0.1070136 1.4 0.102 0 P 0 N
A 1.4 0.107015 1.3998835 0.1070136 1.4 0.102 1 P 0 N
A 1.4 1.371985 1.505015 1.477 1.4 1.477 1 P 0 N
A 1.4 1.371985 1.505015 1.477 1.4 1.477 0 P 0 N
A 1.4000102 1.371985 1.3999796 1.3719849 1.4001894 1.2855352 1 P 0 N
A 1.4000102 1.371985 1.3999796 1.3719849 1.4001894 1.2855352 0 P 0 N
A 1.5 0.656985 1.505015 0.662 1.5 0.662 0 P 0 N
A 1.5 0.656985 1.505015 0.662 1.5 0.662 1 P 0 N
A 1.505015 0.002 1.4 0.107015 1.4 0.002 1 P 0 N
A 1.505015 0.002 1.4 0.107015 1.4 0.002 0 P 0 N
A 1.505015 0.822 1.5 0.827015 1.5 0.822 1 P 0 N
A 1.505015 0.822 1.5 0.827015 1.5 0.822 0 P 0 N
A 1.505015 1.477 1.294985 1.477 1.4 1.477 1 P 0 N
A 1.505015 1.477 1.294985 1.477 1.4 1.477 0 P 0 N
L -0.1 0.2285597 0 0.2285597 0 P 0
L -0.1 0.2285597 0 0.2285597 1 P 0
L -0.1 0.4748102 0.0740402 0.4748102 0 P 0
L -0.1 0.4748102 0.0740402 0.4748102 1 P 0
L -0.1 0.6222605 0.0740402 0.6222605 0 P 0
L -0.1 0.6222605 0.0740402 0.6222605 1 P 0
L -0.1 0.868511 0.0740402 0.868511 0 P 0
L -0.1 0.868511 0.0740402 0.868511 1 P 0
L -0.1 1.0159613 0.0740402 1.0159613 0 P 0
L -0.1 1.0159613 0.0740402 1.0159613 1 P 0
L -0.1 1.2622118 0 1.2622118 0 P 0
L -0.1 1.2622118 0 1.2622118 1 P 0
L -0.105015 0.2335747 -0.105015 0.4697952 0 P 0
L -0.105015 0.2335747 -0.105015 0.4697952 1 P 0
L -0.105015 0.6272755 -0.105015 0.863496 0 P 0
L -0.105015 0.6272755 -0.105015 0.863496 1 P 0
L -0.105015 1.0209763 -0.105015 1.2571968 1 P 0
L -0.105015 1.0209763 -0.105015 1.2571968 0 P 0
L 0.0000264 1.2622117 0.0000264 1.2622118 1 P 0
L 0.0000264 1.2622117 0.0000264 1.2622118 0 P 0
L 0.0000264 1.371985 0.0000264 1.3719851 1 P 0
L 0.0000264 1.371985 0.0000264 1.3719851 0 P 0
L 0.0003205 0.1070047 0.0003509 0.1070027 0 P 0
L 0.0003205 0.1070047 0.0003509 0.1070027 1 P 0
L 0.0003205 0.2285699 0.0003205 0.22857 1 P 0
L 0.0003205 0.2285699 0.0003205 0.22857 0 P 0
L 0.0740402 0.4748102 0.0740402 0.6222605 0 P 0
L 0.0740402 0.4748102 0.0740402 0.6222605 1 P 0
L 0.0740402 0.868511 0.0740402 1.0159613 1 P 0
L 0.0740402 0.868511 0.0740402 1.0159613 0 P 0
L 0.1049912 1.4765122 0.104994 1.4765414 0 P 0
L 0.1049912 1.4765122 0.104994 1.4765414 1 P 0
L 0.1050108 0.0022045 0.1050109 0.0022046 0 P 0
L 0.1050108 0.0022045 0.1050109 0.0022046 1 P 0
L 0.164985 -0.0520944 0.164985 0.002 1 P 0
L 0.164985 -0.0520944 0.164985 0.002 0 P 0
L 0.164985 1.477 0.164985 1.532 1 P 0
L 0.164985 1.477 0.164985 1.532 0 P 0
L 0.1649891 0.0022046 0.1649892 0.0022045 0 P 0
L 0.1649891 0.0022046 0.1649892 0.0022045 1 P 0
L 0.1650087 1.4765122 0.1650088 1.4765122 1 P 0
L 0.1650087 1.4765122 0.1650088 1.4765122 0 P 0
L 0.17 -0.0571094 0.23 -0.0571094 1 P 0
L 0.17 -0.0571094 0.23 -0.0571094 0 P 0
L 0.17 1.537015 0.23 1.537015 1 P 0
L 0.17 1.537015 0.23 1.537015 0 P 0
L 0.235015 -0.0520944 0.235015 0.0702923 0 P 0
L 0.235015 -0.0520944 0.235015 0.0702923 1 P 0
L 0.235015 0.0702923 0.264985 0.0702923 1 P 0
L 0.235015 0.0702923 0.264985 0.0702923 0 P 0
L 0.235015 1.4087472 0.235015 1.532 1 P 0
L 0.235015 1.4087472 0.235015 1.532 0 P 0
L 0.235015 1.4087472 0.264985 1.4087472 0 P 0
L 0.235015 1.4087472 0.264985 1.4087472 1 P 0
L 0.264985 -0.0520944 0.264985 0.0702923 0 P 0
L 0.264985 -0.0520944 0.264985 0.0702923 1 P 0
L 0.264985 1.4087472 0.264985 1.532 0 P 0
L 0.264985 1.4087472 0.264985 1.532 1 P 0
L 0.27 -0.0571094 0.33 -0.0571094 0 P 0
L 0.27 -0.0571094 0.33 -0.0571094 1 P 0
L 0.27 1.537015 0.33 1.537015 1 P 0
L 0.27 1.537015 0.33 1.537015 0 P 0
L 0.335015 -0.0520944 0.335015 0.0702923 0 P 0
L 0.335015 -0.0520944 0.335015 0.0702923 1 P 0
L 0.335015 0.0702923 0.364985 0.0702923 0 P 0
L 0.335015 0.0702923 0.364985 0.0702923 1 P 0
L 0.335015 1.4087472 0.335015 1.532 0 P 0
L 0.335015 1.4087472 0.335015 1.532 1 P 0
L 0.335015 1.4087472 0.364985 1.4087472 0 P 0
L 0.335015 1.4087472 0.364985 1.4087472 1 P 0
L 0.364985 -0.0520944 0.364985 0.0702923 0 P 0
L 0.364985 -0.0520944 0.364985 0.0702923 1 P 0
L 0.364985 1.4087472 0.364985 1.532 1 P 0
L 0.364985 1.4087472 0.364985 1.532 0 P 0
L 0.37 -0.0571094 0.43 -0.0571094 1 P 0
L 0.37 -0.0571094 0.43 -0.0571094 0 P 0
L 0.37 1.537015 0.43 1.537015 1 P 0
L 0.37 1.537015 0.43 1.537015 0 P 0
L 0.435015 -0.0520944 0.435015 0.0711584 1 P 0
L 0.435015 -0.0520944 0.435015 0.0711584 0 P 0
L 0.435015 0.0711584 0.464985 0.0711584 1 P 0
L 0.435015 0.0711584 0.464985 0.0711584 0 P 0
L 0.435015 1.4087472 0.435015 1.532 1 P 0
L 0.435015 1.4087472 0.435015 1.532 0 P 0
L 0.435015 1.4087472 0.464985 1.4087472 1 P 0
L 0.435015 1.4087472 0.464985 1.4087472 0 P 0
L 0.464985 -0.0520944 0.464985 0.0711584 0 P 0
L 0.464985 -0.0520944 0.464985 0.0711584 1 P 0
L 0.464985 1.4087472 0.464985 1.532 1 P 0
L 0.464985 1.4087472 0.464985 1.532 0 P 0
L 0.47 -0.0571094 0.53 -0.0571094 0 P 0
L 0.47 -0.0571094 0.53 -0.0571094 1 P 0
L 0.47 1.537015 0.53 1.537015 1 P 0
L 0.47 1.537015 0.53 1.537015 0 P 0
L 0.535015 -0.0520944 0.535015 0.0711584 0 P 0
L 0.535015 -0.0520944 0.535015 0.0711584 1 P 0
L 0.535015 0.0711584 0.564985 0.0711584 1 P 0
L 0.535015 0.0711584 0.564985 0.0711584 0 P 0
L 0.535015 1.4087472 0.535015 1.532 0 P 0
L 0.535015 1.4087472 0.535015 1.532 1 P 0
L 0.535015 1.4087472 0.564985 1.4087472 1 P 0
L 0.535015 1.4087472 0.564985 1.4087472 0 P 0
L 0.564985 -0.0520944 0.564985 0.0711584 0 P 0
L 0.564985 -0.0520944 0.564985 0.0711584 1 P 0
L 0.564985 1.4087472 0.564985 1.532 0 P 0
L 0.564985 1.4087472 0.564985 1.532 1 P 0
L 0.57 -0.0571094 0.63 -0.0571094 0 P 0
L 0.57 -0.0571094 0.63 -0.0571094 1 P 0
L 0.57 1.537015 0.63 1.537015 1 P 0
L 0.57 1.537015 0.63 1.537015 0 P 0
L 0.635015 -0.0520944 0.635015 0.0711584 0 P 0
L 0.635015 -0.0520944 0.635015 0.0711584 1 P 0
L 0.635015 0.0711584 0.664985 0.0711584 0 P 0
L 0.635015 0.0711584 0.664985 0.0711584 1 P 0
L 0.635015 1.4087472 0.635015 1.532 0 P 0
L 0.635015 1.4087472 0.635015 1.532 1 P 0
L 0.635015 1.4087472 0.664985 1.4087472 1 P 0
L 0.635015 1.4087472 0.664985 1.4087472 0 P 0
L 0.664985 -0.0520944 0.664985 0.0711584 1 P 0
L 0.664985 -0.0520944 0.664985 0.0711584 0 P 0
L 0.664985 1.4087472 0.664985 1.532 1 P 0
L 0.664985 1.4087472 0.664985 1.532 0 P 0
L 0.67 -0.0571094 0.73 -0.0571094 1 P 0
L 0.67 -0.0571094 0.73 -0.0571094 0 P 0
L 0.67 1.537015 0.73 1.537015 1 P 0
L 0.67 1.537015 0.73 1.537015 0 P 0
L 0.735015 -0.0520944 0.735015 0.0711584 1 P 0
L 0.735015 -0.0520944 0.735015 0.0711584 0 P 0
L 0.735015 0.0711584 0.764985 0.0711584 1 P 0
L 0.735015 0.0711584 0.764985 0.0711584 0 P 0
L 0.735015 1.4087472 0.735015 1.532 1 P 0
L 0.735015 1.4087472 0.735015 1.532 0 P 0
L 0.735015 1.4087472 0.764985 1.4087472 0 P 0
L 0.735015 1.4087472 0.764985 1.4087472 1 P 0
L 0.764985 -0.0520944 0.764985 0.0711584 1 P 0
L 0.764985 -0.0520944 0.764985 0.0711584 0 P 0
L 0.764985 1.4087472 0.764985 1.532 1 P 0
L 0.764985 1.4087472 0.764985 1.532 0 P 0
L 0.77 -0.0571094 0.83 -0.0571094 1 P 0
L 0.77 -0.0571094 0.83 -0.0571094 0 P 0
L 0.77 1.537015 0.83 1.537015 0 P 0
L 0.77 1.537015 0.83 1.537015 1 P 0
L 0.835015 -0.0520944 0.835015 0.0711584 0 P 0
L 0.835015 -0.0520944 0.835015 0.0711584 1 P 0
L 0.835015 0.0711584 0.864985 0.0711584 1 P 0
L 0.835015 0.0711584 0.864985 0.0711584 0 P 0
L 0.835015 1.4087472 0.835015 1.532 0 P 0
L 0.835015 1.4087472 0.835015 1.532 1 P 0
L 0.835015 1.4087472 0.864985 1.4087472 1 P 0
L 0.835015 1.4087472 0.864985 1.4087472 0 P 0
L 0.864985 -0.0520944 0.864985 0.0711584 0 P 0
L 0.864985 -0.0520944 0.864985 0.0711584 1 P 0
L 0.864985 1.4087472 0.864985 1.532 1 P 0
L 0.864985 1.4087472 0.864985 1.532 0 P 0
L 0.87 -0.0571094 0.93 -0.0571094 1 P 0
L 0.87 -0.0571094 0.93 -0.0571094 0 P 0
L 0.87 1.537015 0.93 1.537015 1 P 0
L 0.87 1.537015 0.93 1.537015 0 P 0
L 0.935015 -0.0520944 0.935015 0.0711584 0 P 0
L 0.935015 -0.0520944 0.935015 0.0711584 1 P 0
L 0.935015 0.0711584 0.964985 0.0711584 1 P 0
L 0.935015 0.0711584 0.964985 0.0711584 0 P 0
L 0.935015 1.4087472 0.935015 1.532 1 P 0
L 0.935015 1.4087472 0.935015 1.532 0 P 0
L 0.935015 1.4087472 0.964985 1.4087472 1 P 0
L 0.935015 1.4087472 0.964985 1.4087472 0 P 0
L 0.964985 -0.0520944 0.964985 0.0711584 1 P 0
L 0.964985 -0.0520944 0.964985 0.0711584 0 P 0
L 0.964985 1.4087472 0.964985 1.532 1 P 0
L 0.964985 1.4087472 0.964985 1.532 0 P 0
L 0.97 -0.0571094 1.03 -0.0571094 0 P 0
L 0.97 -0.0571094 1.03 -0.0571094 1 P 0
L 0.97 1.537015 1.03 1.537015 1 P 0
L 0.97 1.537015 1.03 1.537015 0 P 0
L 1.035015 -0.0520944 1.035015 0.0711584 1 P 0
L 1.035015 -0.0520944 1.035015 0.0711584 0 P 0
L 1.035015 0.0711584 1.064985 0.0711584 1 P 0
L 1.035015 0.0711584 1.064985 0.0711584 0 P 0
L 1.035015 1.4096133 1.035015 1.532 1 P 0
L 1.035015 1.4096133 1.035015 1.532 0 P 0
L 1.035015 1.4096133 1.064985 1.4096133 0 P 0
L 1.035015 1.4096133 1.064985 1.4096133 1 P 0
L 1.064985 -0.0520944 1.064985 0.0711584 1 P 0
L 1.064985 -0.0520944 1.064985 0.0711584 0 P 0
L 1.064985 1.4096133 1.064985 1.532 1 P 0
L 1.064985 1.4096133 1.064985 1.532 0 P 0
L 1.07 -0.0571094 1.13 -0.0571094 0 P 0
L 1.07 -0.0571094 1.13 -0.0571094 1 P 0
L 1.07 1.537015 1.13 1.537015 1 P 0
L 1.07 1.537015 1.13 1.537015 0 P 0
L 1.135015 -0.0520944 1.135015 0.0711584 0 P 0
L 1.135015 -0.0520944 1.135015 0.0711584 1 P 0
L 1.135015 0.0711584 1.164985 0.0711584 0 P 0
L 1.135015 0.0711584 1.164985 0.0711584 1 P 0
L 1.135015 1.4096133 1.135015 1.532 1 P 0
L 1.135015 1.4096133 1.135015 1.532 0 P 0
L 1.135015 1.4096133 1.164985 1.4096133 0 P 0
L 1.135015 1.4096133 1.164985 1.4096133 1 P 0
L 1.164985 -0.0520944 1.164985 0.0711584 0 P 0
L 1.164985 -0.0520944 1.164985 0.0711584 1 P 0
L 1.164985 1.4096133 1.164985 1.532 1 P 0
L 1.164985 1.4096133 1.164985 1.532 0 P 0
L 1.17 -0.0571094 1.23 -0.0571094 1 P 0
L 1.17 -0.0571094 1.23 -0.0571094 0 P 0
L 1.17 1.537015 1.23 1.537015 0 P 0
L 1.17 1.537015 1.23 1.537015 1 P 0
L 1.235015 -0.0520944 1.235015 0.002 1 P 0
L 1.235015 -0.0520944 1.235015 0.002 0 P 0
L 1.235015 1.477 1.235015 1.532 1 P 0
L 1.235015 1.477 1.235015 1.532 0 P 0
L 1.3242277 0.1558546 1.3242277 0.656985 0 P 0
L 1.3242277 0.1558546 1.3242277 0.656985 1 P 0
L 1.3242277 0.656985 1.5 0.656985 1 P 0
L 1.3242277 0.656985 1.5 0.656985 0 P 0
L 1.3242277 0.827015 1.3242277 1.3268077 1 P 0
L 1.3242277 0.827015 1.3242277 1.3268077 0 P 0
L 1.3242277 0.827015 1.5 0.827015 0 P 0
L 1.3242277 0.827015 1.5 0.827015 1 P 0
L 1.3998835 0.1070136 1.3998835 0.1070137 1 P 0
L 1.3998835 0.1070136 1.3998835 0.1070137 0 P 0
L 1.3998835 0.1070137 1.3999142 0.1070142 0 P 0
L 1.3998835 0.1070137 1.3999142 0.1070142 1 P 0
L 1.4 1.371985 1.4000102 1.371985 1 P 0
L 1.4 1.371985 1.4000102 1.371985 0 P 0
L 1.505015 0.662 1.505015 0.822 0 P 0
L 1.505015 0.662 1.505015 0.822 1 P 0
