#Layer_Color=15132400
#
#Feature symbol names
#
$0 r1

#
#Feature attribute names
#

#
#Layer features
#
A 0 0.1019999 0 0.2335747 0.0042127 0.1677873 0 P 0 N
A 0 0.102 0.1 0.002 0 0.002 0 P 0 N
A 0 1.2571968 0 1.377 0.0003149 1.3170984 0 P 0 N
A 0.1 1.477 0 1.377 0 1.477 0 P 0 N
A 0.1 1.477 0.17 1.477 0.135 1.4737857 0 P 0 N
A 0.17 0.002 0.1 0.002 0.135 0.0034286 0 P 0 N
A 1.23 0.0761734 1.230079 0.0760944 1.230079 0.0761734 0 P 0 N
A 1.23 1.477 1.3 1.477 1.265 1.477 0 P 0 N
A 1.3 0.002 1.23 0.002 1.265 0.002 0 P 0 N
A 1.3 0.002 1.4 0.102 1.4 0.002 0 P 0 N
A 1.3192127 0.1548346 1.4 0.102 1.3985303 0.1879344 0 P 0 N
A 1.3999999 1.377 1.3192127 1.328063 1.4001894 1.2855352 0 P 0 N
A 1.4 1.377 1.3 1.477 1.4 1.477 0 P 0 N
L -0.1 0.2335747 -0.1 0.4697952 0 P 0
L -0.1 0.2335747 0 0.2335747 0 P 0
L -0.1 0.4697952 0.0790552 0.4697952 0 P 0
L -0.1 0.6272755 -0.1 0.863496 0 P 0
L -0.1 0.6272755 0.0790552 0.6272755 0 P 0
L -0.1 0.863496 0.0790552 0.863496 0 P 0
L -0.1 1.0209763 -0.1 1.2571968 0 P 0
L -0.1 1.0209763 0.0790552 1.0209763 0 P 0
L -0.1 1.2571968 0 1.2571968 0 P 0
L 0.0790552 0.4697952 0.0790552 0.6272755 0 P 0
L 0.0790552 0.863496 0.0790552 1.0209763 0 P 0
L 0.17 -0.0520944 0.17 0.002 0 P 0
L 0.17 -0.0520944 0.23 -0.0520944 0 P 0
L 0.17 1.477 0.17 1.532 0 P 0
L 0.17 1.532 0.23 1.532 0 P 0
L 0.23 -0.0520944 0.23 0.0753073 0 P 0
L 0.23 0.0753073 0.27 0.0753073 0 P 0
L 0.23 1.4037322 0.23 1.532 0 P 0
L 0.23 1.4037322 0.27 1.4037322 0 P 0
L 0.27 -0.0520944 0.27 0.0753073 0 P 0
L 0.27 -0.0520944 0.33 -0.0520944 0 P 0
L 0.27 1.4037322 0.27 1.532 0 P 0
L 0.27 1.532 0.33 1.532 0 P 0
L 0.33 -0.0520944 0.33 0.0753073 0 P 0
L 0.33 0.0753073 0.37 0.0753073 0 P 0
L 0.33 1.4037322 0.33 1.532 0 P 0
L 0.33 1.4037322 0.37 1.4037322 0 P 0
L 0.37 -0.0520944 0.37 0.0761734 0 P 0
L 0.37 -0.0520944 0.43 -0.0520944 0 P 0
L 0.37 1.4037322 0.37 1.532 0 P 0
L 0.37 1.532 0.43 1.532 0 P 0
L 0.43 -0.0520944 0.43 0.0761734 0 P 0
L 0.43 0.0761734 0.47 0.0761734 0 P 0
L 0.43 1.4037322 0.43 1.532 0 P 0
L 0.43 1.4037322 0.47 1.4037322 0 P 0
L 0.47 -0.0520944 0.47 0.0761734 0 P 0
L 0.47 -0.0520944 0.53 -0.0520944 0 P 0
L 0.47 1.4037322 0.47 1.532 0 P 0
L 0.47 1.532 0.53 1.532 0 P 0
L 0.53 -0.0520944 0.53 0.0761734 0 P 0
L 0.53 0.0761734 0.57 0.0761734 0 P 0
L 0.53 1.4037322 0.53 1.532 0 P 0
L 0.53 1.4037322 0.57 1.4037322 0 P 0
L 0.57 -0.0520944 0.57 0.0761734 0 P 0
L 0.57 -0.0520944 0.63 -0.0520944 0 P 0
L 0.57 1.4075708 0.57 1.532 0 P 0
L 0.57 1.532 0.63 1.532 0 P 0
L 0.63 -0.0520944 0.63 0.0761734 0 P 0
L 0.63 0.0761734 0.67 0.0761734 0 P 0
L 0.63 1.4037322 0.63 1.532 0 P 0
L 0.63 1.4037322 0.67 1.4037322 0 P 0
L 0.67 -0.1375387 0.67 0.0761734 0 P 0
L 0.67 -0.1375387 0.73 -0.1375387 0 P 0
L 0.67 1.4037322 0.67 1.532 0 P 0
L 0.67 1.532 0.73 1.532 0 P 0
L 0.73 -0.1375387 0.73 0.0761734 0 P 0
L 0.73 0.0761734 0.77 0.0761734 0 P 0
L 0.73 1.4037322 0.73 1.532 0 P 0
L 0.73 1.4037322 0.77 1.4037322 0 P 0
L 0.77 -0.0520944 0.77 0.0761734 0 P 0
L 0.77 -0.0520944 0.83 -0.0520944 0 P 0
L 0.77 1.4037322 0.77 1.532 0 P 0
L 0.77 1.532 0.83 1.532 0 P 0
L 0.83 -0.0520944 0.83 0.0723348 0 P 0
L 0.83 0.0761734 0.87 0.0761734 0 P 0
L 0.83 1.4037322 0.83 1.532 0 P 0
L 0.83 1.4037322 0.87 1.4037322 0 P 0
L 0.87 -0.0520944 0.87 0.0761734 0 P 0
L 0.87 -0.0520944 0.93 -0.0520944 0 P 0
L 0.87 1.4037322 0.87 1.532 0 P 0
L 0.87 1.532 0.93 1.532 0 P 0
L 0.93 -0.0520944 0.93 0.0761734 0 P 0
L 0.93 0.0761734 0.97 0.0761734 0 P 0
L 0.93 1.4037322 0.93 1.532 0 P 0
L 0.93 1.4037322 0.97 1.4037322 0 P 0
L 0.97 -0.0520944 0.97 0.0761734 0 P 0
L 0.97 -0.0520944 1.03 -0.0520944 0 P 0
L 0.97 1.4037322 0.97 1.532 0 P 0
L 0.97 1.532 1.03 1.532 0 P 0
L 1.03 -0.0520944 1.03 0.0761734 0 P 0
L 1.03 0.0761734 1.07 0.0761734 0 P 0
L 1.03 1.4037322 1.03 1.532 0 P 0
L 1.03 1.4045983 1.07 1.4045983 0 P 0
L 1.07 -0.0520944 1.07 0.0761734 0 P 0
L 1.07 -0.0520944 1.13 -0.0520944 0 P 0
L 1.07 1.4045983 1.07 1.532 0 P 0
L 1.07 1.532 1.13 1.532 0 P 0
L 1.13 -0.0520944 1.13 0.0761734 0 P 0
L 1.13 0.0761734 1.17 0.0761734 0 P 0
L 1.13 1.4045983 1.13 1.532 0 P 0
L 1.13 1.4045983 1.17 1.4045983 0 P 0
L 1.17 -0.0520944 1.17 0.0761734 0 P 0
L 1.17 -0.0520944 1.23 -0.0520944 0 P 0
L 1.17 1.4045983 1.17 1.532 0 P 0
L 1.17 1.532 1.23 1.532 0 P 0
L 1.23 -0.0520944 1.23 0.002 0 P 0
L 1.23 1.477 1.23 1.532 0 P 0
L 1.3192127 0.1548346 1.3192127 0.662 0 P 0
L 1.3192127 0.662 1.5 0.662 0 P 0
L 1.3192127 0.822 1.3192127 1.328063 0 P 0
L 1.3192127 0.822 1.5 0.822 0 P 0
L 1.5 0.662 1.5 0.822 0 P 0
